 The logarithm of the determinant of the hessian = 2.27366
 index   name       value      std.dev       1       2       3       4       5       6       7       8       9      10      11      12      13      14      15      16      17      18      19      20      21      22      23      24      25      26      27      28      29      30      31      32      33      34      35      36      37      38      39      40      41      42      43      44      45      46      47      48      49      50      51      52      53      54      55      56      57      58      59      60      61      62      63      64      65      66      67      68      69      70      71      72      73      74      75      76      77      78      79   
     1   logSdLam -1.2880e+00 3.2083e-01   1.0000
     2   biom      8.2176e+00 3.4245e-01  -0.2871  1.0000
     3   biom      8.3661e+00 3.4389e-01  -0.1375  0.7189  1.0000
     4   biom      8.5147e+00 3.1560e-01   0.0119  0.4815  0.6986  1.0000
     5   biom      8.6632e+00 2.4761e-01   0.2213  0.2290  0.3921  0.6059  1.0000
     6   biom      8.6062e+00 3.1542e-01   0.0768  0.1627  0.2562  0.3819  0.6176  1.0000
     7   biom      8.5492e+00 3.3801e-01  -0.0188  0.1359  0.1910  0.2688  0.4200  0.7007  1.0000
     8   biom      8.4922e+00 3.2497e-01  -0.1137  0.1248  0.1487  0.1886  0.2743  0.4870  0.7079  1.0000
     9   biom      8.4747e+00 3.7306e-01  -0.1437  0.1083  0.1166  0.1365  0.1862  0.3498  0.5164  0.7347  1.0000
    10   biom      8.4571e+00 3.9233e-01  -0.1791  0.1026  0.0986  0.1034  0.1268  0.2618  0.3956  0.5690  0.7736  1.0000
    11   biom      8.4396e+00 3.8710e-01  -0.2246  0.1036  0.0874  0.0781  0.0777  0.1935  0.3043  0.4452  0.6044  0.7807  1.0000
    12   biom      8.4221e+00 3.5630e-01  -0.2907  0.1122  0.0815  0.0558  0.0291  0.1323  0.2256  0.3410  0.4615  0.5953  0.7619  1.0000
    13   biom      8.4046e+00 2.9194e-01  -0.4119  0.1364  0.0829  0.0326 -0.0320  0.0663  0.1472  0.2419  0.3251  0.4179  0.5337  0.6996  1.0000
    14   biom      8.6021e+00 3.1593e-01  -0.2476  0.0834  0.0518  0.0225 -0.0147  0.0473  0.0991  0.1602  0.2156  0.2773  0.3543  0.4645  0.6641  1.0000
    15   biom      8.7996e+00 2.9560e-01  -0.1225  0.0435  0.0289  0.0158  0.0001  0.0356  0.0664  0.1035  0.1398  0.1800  0.2302  0.3020  0.4320  0.6674  1.0000
    16   biom      8.9971e+00 2.1892e-01   0.0265 -0.0028  0.0033  0.0102  0.0215  0.0279  0.0363  0.0484  0.0663  0.0860  0.1104  0.1452  0.2081  0.3592  0.5623  1.0000
    17   biom      9.1830e+00 2.9703e-01   0.1577 -0.0426 -0.0178  0.0075  0.0437  0.0267  0.0177  0.0110  0.0168  0.0229  0.0301  0.0403  0.0584  0.1669  0.2991  0.5668  1.0000
    18   biom      9.3689e+00 3.1831e-01   0.2761 -0.0775 -0.0354  0.0069  0.0668  0.0306  0.0081 -0.0127 -0.0142 -0.0165 -0.0198 -0.0248 -0.0342  0.0644  0.1714  0.3700  0.6722  1.0000
    19   biom      9.5548e+00 2.9531e-01   0.4366 -0.1243 -0.0585  0.0073  0.1000  0.0391 -0.0003 -0.0385 -0.0476 -0.0586 -0.0729 -0.0939 -0.1325 -0.0290  0.0688  0.2276  0.4432  0.6707  1.0000
    20   biom      9.5249e+00 3.1160e-01   0.3117 -0.0888 -0.0419  0.0051  0.0712  0.0276 -0.0006 -0.0281 -0.0348 -0.0428 -0.0533 -0.0687 -0.0970 -0.0248  0.0428  0.1514  0.2972  0.4506  0.6724  1.0000
    21   biom      9.4949e+00 2.7573e-01   0.2370 -0.0676 -0.0319  0.0037  0.0539  0.0206 -0.0011 -0.0222 -0.0276 -0.0341 -0.0425 -0.0548 -0.0774 -0.0250  0.0231  0.0984  0.1970  0.3001  0.4487  0.6550  1.0000
    22   biom      9.4650e+00 1.5492e-01   0.2166 -0.0620 -0.0295  0.0030  0.0485  0.0177 -0.0026 -0.0226 -0.0283 -0.0351 -0.0440 -0.0568 -0.0804 -0.0390 -0.0039  0.0458  0.1036  0.1619  0.2447  0.3203  0.4619  1.0000
    23   biom      9.3036e+00 2.3461e-01   0.0344 -0.0098 -0.0046  0.0006  0.0079  0.0031 -0.0001 -0.0031 -0.0038 -0.0047 -0.0058 -0.0075 -0.0106 -0.0026  0.0049  0.0171  0.0334  0.0507  0.0756  0.1127  0.1737  0.3918  1.0000
    24   biom      9.1422e+00 1.8739e-01  -0.0930  0.0267  0.0128 -0.0010 -0.0205 -0.0069  0.0020  0.0110  0.0139  0.0173  0.0217  0.0282  0.0399  0.0257  0.0155  0.0049 -0.0019 -0.0070 -0.0131  0.0173  0.0531  0.1544  0.4503  1.0000
    25   biom      9.0847e+00 2.3393e-01   0.0023 -0.0006 -0.0003  0.0001  0.0006  0.0003  0.0001 -0.0001 -0.0001 -0.0001 -0.0001 -0.0002 -0.0002  0.0007  0.0016  0.0034  0.0062  0.0092  0.0136  0.0219  0.0349  0.0803  0.2074  0.4529  1.0000
    26   biom      9.0271e+00 1.5001e-01   0.1234 -0.0354 -0.0170  0.0015  0.0273  0.0095 -0.0023 -0.0140 -0.0176 -0.0220 -0.0276 -0.0357 -0.0505 -0.0301 -0.0144  0.0046  0.0217  0.0374  0.0587  0.0466  0.0425  0.0575  0.0842  0.1633  0.3860  1.0000
    27   biom      8.8320e+00 2.1993e-01  -0.0174  0.0050  0.0024 -0.0002 -0.0039 -0.0013  0.0003  0.0020  0.0025  0.0032  0.0040  0.0051  0.0073  0.0045  0.0024  0.0000 -0.0019 -0.0036 -0.0058 -0.0024  0.0008  0.0077  0.0293  0.0670  0.1442  0.3661  1.0000
    28   biom      8.6368e+00 1.2479e-01  -0.2098  0.0602  0.0288 -0.0025 -0.0464 -0.0161  0.0040  0.0239  0.0302  0.0376  0.0471  0.0610  0.0864  0.0520  0.0258 -0.0054 -0.0328 -0.0575 -0.0910 -0.0644 -0.0482 -0.0419  0.0021  0.0398  0.0443  0.0884  0.3139  1.0000
    29   biom      8.6870e+00 2.6453e-01  -0.0313  0.0090  0.0043 -0.0004 -0.0069 -0.0024  0.0006  0.0036  0.0045  0.0056  0.0070  0.0091  0.0129  0.0078  0.0039 -0.0008 -0.0048 -0.0085 -0.0134 -0.0094 -0.0068 -0.0054  0.0024  0.0105  0.0167  0.0390  0.1169  0.3653  1.0000
    30   biom      8.7372e+00 3.0846e-01   0.0312 -0.0090 -0.0043  0.0004  0.0069  0.0024 -0.0006 -0.0035 -0.0045 -0.0056 -0.0070 -0.0091 -0.0129 -0.0077 -0.0038  0.0009  0.0050  0.0087  0.0138  0.0100  0.0078  0.0076  0.0033  0.0019  0.0108  0.0312  0.0736  0.2220  0.6354  1.0000
    31   biom      8.7874e+00 3.0183e-01   0.0912 -0.0262 -0.0125  0.0011  0.0202  0.0070 -0.0017 -0.0104 -0.0131 -0.0163 -0.0205 -0.0265 -0.0376 -0.0226 -0.0112  0.0024  0.0144  0.0253  0.0399  0.0286  0.0219  0.0203  0.0046 -0.0052  0.0074  0.0295  0.0479  0.1335  0.4223  0.6703  1.0000
    32   biom      8.8376e+00 2.4047e-01   0.1890 -0.0543 -0.0260  0.0022  0.0418  0.0145 -0.0036 -0.0215 -0.0272 -0.0338 -0.0424 -0.0549 -0.0778 -0.0468 -0.0231  0.0050  0.0298  0.0522  0.0826  0.0590  0.0449  0.0413  0.0074 -0.0157  0.0047  0.0341  0.0260  0.0505  0.2451  0.4000  0.6028  1.0000
    33   biom      8.8260e+00 2.8980e-01   0.2110 -0.0606 -0.0290  0.0025  0.0467  0.0162 -0.0040 -0.0240 -0.0303 -0.0378 -0.0474 -0.0614 -0.0869 -0.0523 -0.0258  0.0056  0.0333  0.0583  0.0922  0.0658  0.0501  0.0459  0.0078 -0.0185  0.0029  0.0323  0.0133  0.0079  0.1388  0.2348  0.3584  0.5984  1.0000
    34   biom      8.8145e+00 2.7365e-01   0.2809 -0.0807 -0.0386  0.0033  0.0622  0.0216 -0.0053 -0.0319 -0.0404 -0.0503 -0.0631 -0.0817 -0.1157 -0.0696 -0.0344  0.0075  0.0443  0.0776  0.1227  0.0876  0.0666  0.0610  0.0100 -0.0255  0.0021  0.0384  0.0053 -0.0276  0.0786  0.1459  0.2294  0.3887  0.6334  1.0000
    35   biom      8.7734e+00 3.1216e-01   0.3479 -0.0999 -0.0478  0.0041  0.0770  0.0267 -0.0066 -0.0396 -0.0500 -0.0623 -0.0781 -0.1011 -0.1433 -0.0861 -0.0426  0.0092  0.0549  0.0961  0.1519  0.1085  0.0825  0.0754  0.0121 -0.0320  0.0017  0.0452  0.0001 -0.0539  0.0421  0.0941  0.1553  0.2693  0.4217  0.6565  1.0000
    36   biom      8.7323e+00 2.9710e-01   0.4723 -0.1356 -0.0649  0.0056  0.1045  0.0363 -0.0089 -0.0537 -0.0679 -0.0846 -0.1061 -0.1373 -0.1945 -0.1170 -0.0579  0.0125  0.0745  0.1304  0.2062  0.1473  0.1120  0.1023  0.0163 -0.0437  0.0016  0.0596 -0.0046 -0.0880  0.0161  0.0633  0.1152  0.2080  0.3027  0.4585  0.6768  1.0000
    37   biom      8.4323e+00 2.5940e-01   0.2186 -0.0628 -0.0301  0.0026  0.0484  0.0168 -0.0041 -0.0249 -0.0314 -0.0392 -0.0491 -0.0636 -0.0900 -0.0541 -0.0268  0.0058  0.0345  0.0604  0.0954  0.0682  0.0518  0.0474  0.0076 -0.0202  0.0008  0.0278 -0.0015 -0.0387  0.0130  0.0379  0.0662  0.1174  0.1763  0.2703  0.4047  0.6015  1.0000
    38   biom      8.1322e+00 1.4116e-01  -0.1906  0.0547  0.0262 -0.0023 -0.0422 -0.0146  0.0036  0.0217  0.0274  0.0341  0.0428  0.0554  0.0785  0.0472  0.0234 -0.0051 -0.0301 -0.0526 -0.0832 -0.0594 -0.0452 -0.0413 -0.0065  0.0178 -0.0003 -0.0232  0.0042  0.0428  0.0138  0.0063  0.0008 -0.0061  0.0110  0.0286  0.0629  0.1058  0.3327  1.0000
    39   biom      8.0982e+00 2.6659e-01  -0.1221  0.0351  0.0168 -0.0015 -0.0270 -0.0094  0.0023  0.0139  0.0176  0.0219  0.0274  0.0355  0.0503  0.0302  0.0150 -0.0032 -0.0193 -0.0337 -0.0533 -0.0381 -0.0289 -0.0264 -0.0042  0.0114 -0.0002 -0.0149  0.0025  0.0268  0.0070  0.0012 -0.0037 -0.0109 -0.0049 -0.0008  0.0102  0.0222  0.1261  0.4165  1.0000
    40   biom      8.0641e+00 2.9904e-01  -0.1278  0.0367  0.0176 -0.0015 -0.0283 -0.0098  0.0024  0.0145  0.0184  0.0229  0.0287  0.0371  0.0526  0.0316  0.0157 -0.0034 -0.0202 -0.0353 -0.0558 -0.0398 -0.0303 -0.0277 -0.0044  0.0119 -0.0003 -0.0157  0.0025  0.0275  0.0060 -0.0009 -0.0070 -0.0165 -0.0139 -0.0149 -0.0114 -0.0103  0.0677  0.2706  0.6325  1.0000
    41   biomsd    8.2176e+00 3.4245e-01  -0.2871  1.0000  0.7189  0.4815  0.2290  0.1627  0.1359  0.1248  0.1083  0.1026  0.1036  0.1122  0.1364  0.0834  0.0435 -0.0028 -0.0426 -0.0775 -0.1243 -0.0888 -0.0676 -0.0620 -0.0098  0.0267 -0.0006 -0.0354  0.0050  0.0602  0.0090 -0.0090 -0.0262 -0.0543 -0.0606 -0.0807 -0.0999 -0.1356 -0.0628  0.0547  0.0351  0.0367  1.0000
    42   biomsd    8.3661e+00 3.4389e-01  -0.1375  0.7189  1.0000  0.6986  0.3921  0.2562  0.1910  0.1487  0.1166  0.0986  0.0874  0.0815  0.0829  0.0518  0.0289  0.0033 -0.0178 -0.0354 -0.0585 -0.0419 -0.0319 -0.0295 -0.0046  0.0128 -0.0003 -0.0170  0.0024  0.0288  0.0043 -0.0043 -0.0125 -0.0260 -0.0290 -0.0386 -0.0478 -0.0649 -0.0301  0.0262  0.0168  0.0176  0.7189  1.0000
    43   biomsd    8.5147e+00 3.1560e-01   0.0119  0.4815  0.6986  1.0000  0.6059  0.3819  0.2688  0.1886  0.1365  0.1034  0.0781  0.0558  0.0326  0.0225  0.0158  0.0102  0.0075  0.0069  0.0073  0.0051  0.0037  0.0030  0.0006 -0.0010  0.0001  0.0015 -0.0002 -0.0025 -0.0004  0.0004  0.0011  0.0022  0.0025  0.0033  0.0041  0.0056  0.0026 -0.0023 -0.0015 -0.0015  0.4815  0.6986  1.0000
    44   biomsd    8.6632e+00 2.4761e-01   0.2213  0.2290  0.3921  0.6059  1.0000  0.6176  0.4200  0.2743  0.1862  0.1268  0.0777  0.0291 -0.0320 -0.0147  0.0001  0.0215  0.0437  0.0668  0.1000  0.0712  0.0539  0.0485  0.0079 -0.0205  0.0006  0.0273 -0.0039 -0.0464 -0.0069  0.0069  0.0202  0.0418  0.0467  0.0622  0.0770  0.1045  0.0484 -0.0422 -0.0270 -0.0283  0.2290  0.3921  0.6059  1.0000
    45   biomsd    8.6062e+00 3.1542e-01   0.0768  0.1627  0.2562  0.3819  0.6176  1.0000  0.7007  0.4870  0.3498  0.2618  0.1935  0.1323  0.0663  0.0473  0.0356  0.0279  0.0267  0.0306  0.0391  0.0276  0.0206  0.0177  0.0031 -0.0069  0.0003  0.0095 -0.0013 -0.0161 -0.0024  0.0024  0.0070  0.0145  0.0162  0.0216  0.0267  0.0363  0.0168 -0.0146 -0.0094 -0.0098  0.1627  0.2562  0.3819  0.6176  1.0000
    46   biomsd    8.5492e+00 3.3801e-01  -0.0188  0.1359  0.1910  0.2688  0.4200  0.7007  1.0000  0.7079  0.5164  0.3956  0.3043  0.2256  0.1472  0.0991  0.0664  0.0363  0.0177  0.0081 -0.0003 -0.0006 -0.0011 -0.0026 -0.0001  0.0020  0.0001 -0.0023  0.0003  0.0040  0.0006 -0.0006 -0.0017 -0.0036 -0.0040 -0.0053 -0.0066 -0.0089 -0.0041  0.0036  0.0023  0.0024  0.1359  0.1910  0.2688  0.4200  0.7007  1.0000
    47   biomsd    8.4922e+00 3.2497e-01  -0.1137  0.1248  0.1487  0.1886  0.2743  0.4870  0.7079  1.0000  0.7347  0.5690  0.4452  0.3410  0.2419  0.1602  0.1035  0.0484  0.0110 -0.0127 -0.0385 -0.0281 -0.0222 -0.0226 -0.0031  0.0110 -0.0001 -0.0140  0.0020  0.0239  0.0036 -0.0035 -0.0104 -0.0215 -0.0240 -0.0319 -0.0396 -0.0537 -0.0249  0.0217  0.0139  0.0145  0.1248  0.1487  0.1886  0.2743  0.4870  0.7079  1.0000
    48   biomsd    8.4747e+00 3.7306e-01  -0.1437  0.1083  0.1166  0.1365  0.1862  0.3498  0.5164  0.7347  1.0000  0.7736  0.6044  0.4615  0.3251  0.2156  0.1398  0.0663  0.0168 -0.0142 -0.0476 -0.0348 -0.0276 -0.0283 -0.0038  0.0139 -0.0001 -0.0176  0.0025  0.0302  0.0045 -0.0045 -0.0131 -0.0272 -0.0303 -0.0404 -0.0500 -0.0679 -0.0314  0.0274  0.0176  0.0184  0.1083  0.1166  0.1365  0.1862  0.3498  0.5164  0.7347  1.0000
    49   biomsd    8.4571e+00 3.9233e-01  -0.1791  0.1026  0.0986  0.1034  0.1268  0.2618  0.3956  0.5690  0.7736  1.0000  0.7807  0.5953  0.4179  0.2773  0.1800  0.0860  0.0229 -0.0165 -0.0586 -0.0428 -0.0341 -0.0351 -0.0047  0.0173 -0.0001 -0.0220  0.0032  0.0376  0.0056 -0.0056 -0.0163 -0.0338 -0.0378 -0.0503 -0.0623 -0.0846 -0.0392  0.0341  0.0219  0.0229  0.1026  0.0986  0.1034  0.1268  0.2618  0.3956  0.5690  0.7736  1.0000
    50   biomsd    8.4396e+00 3.8710e-01  -0.2246  0.1036  0.0874  0.0781  0.0777  0.1935  0.3043  0.4452  0.6044  0.7807  1.0000  0.7619  0.5337  0.3543  0.2302  0.1104  0.0301 -0.0198 -0.0729 -0.0533 -0.0425 -0.0440 -0.0058  0.0217 -0.0001 -0.0276  0.0040  0.0471  0.0070 -0.0070 -0.0205 -0.0424 -0.0474 -0.0631 -0.0781 -0.1061 -0.0491  0.0428  0.0274  0.0287  0.1036  0.0874  0.0781  0.0777  0.1935  0.3043  0.4452  0.6044  0.7807  1.0000
    51   biomsd    8.4221e+00 3.5630e-01  -0.2907  0.1122  0.0815  0.0558  0.0291  0.1323  0.2256  0.3410  0.4615  0.5953  0.7619  1.0000  0.6996  0.4645  0.3020  0.1452  0.0403 -0.0248 -0.0939 -0.0687 -0.0548 -0.0568 -0.0075  0.0282 -0.0002 -0.0357  0.0051  0.0610  0.0091 -0.0091 -0.0265 -0.0549 -0.0614 -0.0817 -0.1011 -0.1373 -0.0636  0.0554  0.0355  0.0371  0.1122  0.0815  0.0558  0.0291  0.1323  0.2256  0.3410  0.4615  0.5953  0.7619  1.0000
    52   biomsd    8.4046e+00 2.9194e-01  -0.4119  0.1364  0.0829  0.0326 -0.0320  0.0663  0.1472  0.2419  0.3251  0.4179  0.5337  0.6996  1.0000  0.6641  0.4320  0.2081  0.0584 -0.0342 -0.1325 -0.0970 -0.0774 -0.0804 -0.0106  0.0399 -0.0002 -0.0505  0.0073  0.0864  0.0129 -0.0129 -0.0376 -0.0778 -0.0869 -0.1157 -0.1433 -0.1945 -0.0900  0.0785  0.0503  0.0526  0.1364  0.0829  0.0326 -0.0320  0.0663  0.1472  0.2419  0.3251  0.4179  0.5337  0.6996  1.0000
    53   biomsd    8.6021e+00 3.1593e-01  -0.2476  0.0834  0.0518  0.0225 -0.0147  0.0473  0.0991  0.1602  0.2156  0.2773  0.3543  0.4645  0.6641  1.0000  0.6674  0.3592  0.1669  0.0644 -0.0290 -0.0248 -0.0250 -0.0390 -0.0026  0.0257  0.0007 -0.0301  0.0045  0.0520  0.0078 -0.0077 -0.0226 -0.0468 -0.0523 -0.0696 -0.0861 -0.1170 -0.0541  0.0472  0.0302  0.0316  0.0834  0.0518  0.0225 -0.0147  0.0473  0.0991  0.1602  0.2156  0.2773  0.3543  0.4645  0.6641  1.0000
    54   biomsd    8.7996e+00 2.9560e-01  -0.1225  0.0435  0.0289  0.0158  0.0001  0.0356  0.0664  0.1035  0.1398  0.1800  0.2302  0.3020  0.4320  0.6674  1.0000  0.5623  0.2991  0.1714  0.0688  0.0428  0.0231 -0.0039  0.0049  0.0155  0.0016 -0.0144  0.0024  0.0258  0.0039 -0.0038 -0.0112 -0.0231 -0.0258 -0.0344 -0.0426 -0.0579 -0.0268  0.0234  0.0150  0.0157  0.0435  0.0289  0.0158  0.0001  0.0356  0.0664  0.1035  0.1398  0.1800  0.2302  0.3020  0.4320  0.6674  1.0000
    55   biomsd    8.9971e+00 2.1892e-01   0.0265 -0.0028  0.0033  0.0102  0.0215  0.0279  0.0363  0.0484  0.0663  0.0860  0.1104  0.1452  0.2081  0.3592  0.5623  1.0000  0.5668  0.3700  0.2276  0.1514  0.0984  0.0458  0.0171  0.0049  0.0034  0.0046  0.0000 -0.0054 -0.0008  0.0009  0.0024  0.0050  0.0056  0.0075  0.0092  0.0125  0.0058 -0.0051 -0.0032 -0.0034 -0.0028  0.0033  0.0102  0.0215  0.0279  0.0363  0.0484  0.0663  0.0860  0.1104  0.1452  0.2081  0.3592  0.5623  1.0000
    56   biomsd    9.1830e+00 2.9703e-01   0.1577 -0.0426 -0.0178  0.0075  0.0437  0.0267  0.0177  0.0110  0.0168  0.0229  0.0301  0.0403  0.0584  0.1669  0.2991  0.5668  1.0000  0.6722  0.4432  0.2972  0.1970  0.1036  0.0334 -0.0019  0.0062  0.0217 -0.0019 -0.0328 -0.0048  0.0050  0.0144  0.0298  0.0333  0.0443  0.0549  0.0745  0.0345 -0.0301 -0.0193 -0.0202 -0.0426 -0.0178  0.0075  0.0437  0.0267  0.0177  0.0110  0.0168  0.0229  0.0301  0.0403  0.0584  0.1669  0.2991  0.5668  1.0000
    57   biomsd    9.3689e+00 3.1831e-01   0.2761 -0.0775 -0.0354  0.0069  0.0668  0.0306  0.0081 -0.0127 -0.0142 -0.0165 -0.0198 -0.0248 -0.0342  0.0644  0.1714  0.3700  0.6722  1.0000  0.6707  0.4506  0.3001  0.1619  0.0507 -0.0070  0.0092  0.0374 -0.0036 -0.0575 -0.0085  0.0087  0.0253  0.0522  0.0583  0.0776  0.0961  0.1304  0.0604 -0.0526 -0.0337 -0.0353 -0.0775 -0.0354  0.0069  0.0668  0.0306  0.0081 -0.0127 -0.0142 -0.0165 -0.0198 -0.0248 -0.0342  0.0644  0.1714  0.3700  0.6722  1.0000
    58   biomsd    9.5548e+00 2.9531e-01   0.4366 -0.1243 -0.0585  0.0073  0.1000  0.0391 -0.0003 -0.0385 -0.0476 -0.0586 -0.0729 -0.0939 -0.1325 -0.0290  0.0688  0.2276  0.4432  0.6707  1.0000  0.6724  0.4487  0.2447  0.0756 -0.0131  0.0136  0.0587 -0.0058 -0.0910 -0.0134  0.0138  0.0399  0.0826  0.0922  0.1227  0.1519  0.2062  0.0954 -0.0832 -0.0533 -0.0558 -0.1243 -0.0585  0.0073  0.1000  0.0391 -0.0003 -0.0385 -0.0476 -0.0586 -0.0729 -0.0939 -0.1325 -0.0290  0.0688  0.2276  0.4432  0.6707  1.0000
    59   biomsd    9.5249e+00 3.1160e-01   0.3117 -0.0888 -0.0419  0.0051  0.0712  0.0276 -0.0006 -0.0281 -0.0348 -0.0428 -0.0533 -0.0687 -0.0970 -0.0248  0.0428  0.1514  0.2972  0.4506  0.6724  1.0000  0.6550  0.3203  0.1127  0.0173  0.0219  0.0466 -0.0024 -0.0644 -0.0094  0.0100  0.0286  0.0590  0.0658  0.0876  0.1085  0.1473  0.0682 -0.0594 -0.0381 -0.0398 -0.0888 -0.0419  0.0051  0.0712  0.0276 -0.0006 -0.0281 -0.0348 -0.0428 -0.0533 -0.0687 -0.0970 -0.0248  0.0428  0.1514  0.2972  0.4506  0.6724  1.0000
    60   biomsd    9.4949e+00 2.7573e-01   0.2370 -0.0676 -0.0319  0.0037  0.0539  0.0206 -0.0011 -0.0222 -0.0276 -0.0341 -0.0425 -0.0548 -0.0774 -0.0250  0.0231  0.0984  0.1970  0.3001  0.4487  0.6550  1.0000  0.4619  0.1737  0.0531  0.0349  0.0425  0.0008 -0.0482 -0.0068  0.0078  0.0219  0.0449  0.0501  0.0666  0.0825  0.1120  0.0518 -0.0452 -0.0289 -0.0303 -0.0676 -0.0319  0.0037  0.0539  0.0206 -0.0011 -0.0222 -0.0276 -0.0341 -0.0425 -0.0548 -0.0774 -0.0250  0.0231  0.0984  0.1970  0.3001  0.4487  0.6550  1.0000
    61   biomsd    9.4650e+00 1.5492e-01   0.2166 -0.0620 -0.0295  0.0030  0.0485  0.0177 -0.0026 -0.0226 -0.0283 -0.0351 -0.0440 -0.0568 -0.0804 -0.0390 -0.0039  0.0458  0.1036  0.1619  0.2447  0.3203  0.4619  1.0000  0.3918  0.1544  0.0803  0.0575  0.0077 -0.0419 -0.0054  0.0076  0.0203  0.0413  0.0459  0.0610  0.0754  0.1023  0.0474 -0.0413 -0.0264 -0.0277 -0.0620 -0.0295  0.0030  0.0485  0.0177 -0.0026 -0.0226 -0.0283 -0.0351 -0.0440 -0.0568 -0.0804 -0.0390 -0.0039  0.0458  0.1036  0.1619  0.2447  0.3203  0.4619  1.0000
    62   biomsd    9.3036e+00 2.3461e-01   0.0344 -0.0098 -0.0046  0.0006  0.0079  0.0031 -0.0001 -0.0031 -0.0038 -0.0047 -0.0058 -0.0075 -0.0106 -0.0026  0.0049  0.0171  0.0334  0.0507  0.0756  0.1127  0.1737  0.3918  1.0000  0.4503  0.2074  0.0842  0.0293  0.0021  0.0024  0.0033  0.0046  0.0074  0.0078  0.0100  0.0121  0.0163  0.0076 -0.0065 -0.0042 -0.0044 -0.0098 -0.0046  0.0006  0.0079  0.0031 -0.0001 -0.0031 -0.0038 -0.0047 -0.0058 -0.0075 -0.0106 -0.0026  0.0049  0.0171  0.0334  0.0507  0.0756  0.1127  0.1737  0.3918  1.0000
    63   biomsd    9.1422e+00 1.8739e-01  -0.0930  0.0267  0.0128 -0.0010 -0.0205 -0.0069  0.0020  0.0110  0.0139  0.0173  0.0217  0.0282  0.0399  0.0257  0.0155  0.0049 -0.0019 -0.0070 -0.0131  0.0173  0.0531  0.1544  0.4503  1.0000  0.4529  0.1633  0.0670  0.0398  0.0105  0.0019 -0.0052 -0.0157 -0.0185 -0.0255 -0.0320 -0.0437 -0.0202  0.0178  0.0114  0.0119  0.0267  0.0128 -0.0010 -0.0205 -0.0069  0.0020  0.0110  0.0139  0.0173  0.0217  0.0282  0.0399  0.0257  0.0155  0.0049 -0.0019 -0.0070 -0.0131  0.0173  0.0531  0.1544  0.4503  1.0000
    64   biomsd    9.0847e+00 2.3393e-01   0.0023 -0.0006 -0.0003  0.0001  0.0006  0.0003  0.0001 -0.0001 -0.0001 -0.0001 -0.0001 -0.0002 -0.0002  0.0007  0.0016  0.0034  0.0062  0.0092  0.0136  0.0219  0.0349  0.0803  0.2074  0.4529  1.0000  0.3860  0.1442  0.0443  0.0167  0.0108  0.0074  0.0047  0.0029  0.0021  0.0017  0.0016  0.0008 -0.0003 -0.0002 -0.0003 -0.0006 -0.0003  0.0001  0.0006  0.0003  0.0001 -0.0001 -0.0001 -0.0001 -0.0001 -0.0002 -0.0002  0.0007  0.0016  0.0034  0.0062  0.0092  0.0136  0.0219  0.0349  0.0803  0.2074  0.4529  1.0000
    65   biomsd    9.0271e+00 1.5001e-01   0.1234 -0.0354 -0.0170  0.0015  0.0273  0.0095 -0.0023 -0.0140 -0.0176 -0.0220 -0.0276 -0.0357 -0.0505 -0.0301 -0.0144  0.0046  0.0217  0.0374  0.0587  0.0466  0.0425  0.0575  0.0842  0.1633  0.3860  1.0000  0.3661  0.0884  0.0390  0.0312  0.0295  0.0341  0.0323  0.0384  0.0452  0.0596  0.0278 -0.0232 -0.0149 -0.0157 -0.0354 -0.0170  0.0015  0.0273  0.0095 -0.0023 -0.0140 -0.0176 -0.0220 -0.0276 -0.0357 -0.0505 -0.0301 -0.0144  0.0046  0.0217  0.0374  0.0587  0.0466  0.0425  0.0575  0.0842  0.1633  0.3860  1.0000
    66   biomsd    8.8320e+00 2.1993e-01  -0.0174  0.0050  0.0024 -0.0002 -0.0039 -0.0013  0.0003  0.0020  0.0025  0.0032  0.0040  0.0051  0.0073  0.0045  0.0024  0.0000 -0.0019 -0.0036 -0.0058 -0.0024  0.0008  0.0077  0.0293  0.0670  0.1442  0.3661  1.0000  0.3139  0.1169  0.0736  0.0479  0.0260  0.0133  0.0053  0.0001 -0.0046 -0.0015  0.0042  0.0025  0.0025  0.0050  0.0024 -0.0002 -0.0039 -0.0013  0.0003  0.0020  0.0025  0.0032  0.0040  0.0051  0.0073  0.0045  0.0024  0.0000 -0.0019 -0.0036 -0.0058 -0.0024  0.0008  0.0077  0.0293  0.0670  0.1442  0.3661  1.0000
    67   biomsd    8.6368e+00 1.2479e-01  -0.2098  0.0602  0.0288 -0.0025 -0.0464 -0.0161  0.0040  0.0239  0.0302  0.0376  0.0471  0.0610  0.0864  0.0520  0.0258 -0.0054 -0.0328 -0.0575 -0.0910 -0.0644 -0.0482 -0.0419  0.0021  0.0398  0.0443  0.0884  0.3139  1.0000  0.3653  0.2220  0.1335  0.0505  0.0079 -0.0276 -0.0539 -0.0880 -0.0387  0.0428  0.0268  0.0275  0.0602  0.0288 -0.0025 -0.0464 -0.0161  0.0040  0.0239  0.0302  0.0376  0.0471  0.0610  0.0864  0.0520  0.0258 -0.0054 -0.0328 -0.0575 -0.0910 -0.0644 -0.0482 -0.0419  0.0021  0.0398  0.0443  0.0884  0.3139  1.0000
    68   biomsd    8.6870e+00 2.6453e-01  -0.0313  0.0090  0.0043 -0.0004 -0.0069 -0.0024  0.0006  0.0036  0.0045  0.0056  0.0070  0.0091  0.0129  0.0078  0.0039 -0.0008 -0.0048 -0.0085 -0.0134 -0.0094 -0.0068 -0.0054  0.0024  0.0105  0.0167  0.0390  0.1169  0.3653  1.0000  0.6354  0.4223  0.2451  0.1388  0.0786  0.0421  0.0161  0.0130  0.0138  0.0070  0.0060  0.0090  0.0043 -0.0004 -0.0069 -0.0024  0.0006  0.0036  0.0045  0.0056  0.0070  0.0091  0.0129  0.0078  0.0039 -0.0008 -0.0048 -0.0085 -0.0134 -0.0094 -0.0068 -0.0054  0.0024  0.0105  0.0167  0.0390  0.1169  0.3653  1.0000
    69   biomsd    8.7372e+00 3.0846e-01   0.0312 -0.0090 -0.0043  0.0004  0.0069  0.0024 -0.0006 -0.0035 -0.0045 -0.0056 -0.0070 -0.0091 -0.0129 -0.0077 -0.0038  0.0009  0.0050  0.0087  0.0138  0.0100  0.0078  0.0076  0.0033  0.0019  0.0108  0.0312  0.0736  0.2220  0.6354  1.0000  0.6703  0.4000  0.2348  0.1459  0.0941  0.0633  0.0379  0.0063  0.0012 -0.0009 -0.0090 -0.0043  0.0004  0.0069  0.0024 -0.0006 -0.0035 -0.0045 -0.0056 -0.0070 -0.0091 -0.0129 -0.0077 -0.0038  0.0009  0.0050  0.0087  0.0138  0.0100  0.0078  0.0076  0.0033  0.0019  0.0108  0.0312  0.0736  0.2220  0.6354  1.0000
    70   biomsd    8.7874e+00 3.0183e-01   0.0912 -0.0262 -0.0125  0.0011  0.0202  0.0070 -0.0017 -0.0104 -0.0131 -0.0163 -0.0205 -0.0265 -0.0376 -0.0226 -0.0112  0.0024  0.0144  0.0253  0.0399  0.0286  0.0219  0.0203  0.0046 -0.0052  0.0074  0.0295  0.0479  0.1335  0.4223  0.6703  1.0000  0.6028  0.3584  0.2294  0.1553  0.1152  0.0662  0.0008 -0.0037 -0.0070 -0.0262 -0.0125  0.0011  0.0202  0.0070 -0.0017 -0.0104 -0.0131 -0.0163 -0.0205 -0.0265 -0.0376 -0.0226 -0.0112  0.0024  0.0144  0.0253  0.0399  0.0286  0.0219  0.0203  0.0046 -0.0052  0.0074  0.0295  0.0479  0.1335  0.4223  0.6703  1.0000
    71   biomsd    8.8376e+00 2.4047e-01   0.1890 -0.0543 -0.0260  0.0022  0.0418  0.0145 -0.0036 -0.0215 -0.0272 -0.0338 -0.0424 -0.0549 -0.0778 -0.0468 -0.0231  0.0050  0.0298  0.0522  0.0826  0.0590  0.0449  0.0413  0.0074 -0.0157  0.0047  0.0341  0.0260  0.0505  0.2451  0.4000  0.6028  1.0000  0.5984  0.3887  0.2693  0.2080  0.1174 -0.0061 -0.0109 -0.0165 -0.0543 -0.0260  0.0022  0.0418  0.0145 -0.0036 -0.0215 -0.0272 -0.0338 -0.0424 -0.0549 -0.0778 -0.0468 -0.0231  0.0050  0.0298  0.0522  0.0826  0.0590  0.0449  0.0413  0.0074 -0.0157  0.0047  0.0341  0.0260  0.0505  0.2451  0.4000  0.6028  1.0000
    72   biomsd    8.8260e+00 2.8980e-01   0.2110 -0.0606 -0.0290  0.0025  0.0467  0.0162 -0.0040 -0.0240 -0.0303 -0.0378 -0.0474 -0.0614 -0.0869 -0.0523 -0.0258  0.0056  0.0333  0.0583  0.0922  0.0658  0.0501  0.0459  0.0078 -0.0185  0.0029  0.0323  0.0133  0.0079  0.1388  0.2348  0.3584  0.5984  1.0000  0.6334  0.4217  0.3027  0.1763  0.0110 -0.0049 -0.0139 -0.0606 -0.0290  0.0025  0.0467  0.0162 -0.0040 -0.0240 -0.0303 -0.0378 -0.0474 -0.0614 -0.0869 -0.0523 -0.0258  0.0056  0.0333  0.0583  0.0922  0.0658  0.0501  0.0459  0.0078 -0.0185  0.0029  0.0323  0.0133  0.0079  0.1388  0.2348  0.3584  0.5984  1.0000
    73   biomsd    8.8145e+00 2.7365e-01   0.2809 -0.0807 -0.0386  0.0033  0.0622  0.0216 -0.0053 -0.0319 -0.0404 -0.0503 -0.0631 -0.0817 -0.1157 -0.0696 -0.0344  0.0075  0.0443  0.0776  0.1227  0.0876  0.0666  0.0610  0.0100 -0.0255  0.0021  0.0384  0.0053 -0.0276  0.0786  0.1459  0.2294  0.3887  0.6334  1.0000  0.6565  0.4585  0.2703  0.0286 -0.0008 -0.0149 -0.0807 -0.0386  0.0033  0.0622  0.0216 -0.0053 -0.0319 -0.0404 -0.0503 -0.0631 -0.0817 -0.1157 -0.0696 -0.0344  0.0075  0.0443  0.0776  0.1227  0.0876  0.0666  0.0610  0.0100 -0.0255  0.0021  0.0384  0.0053 -0.0276  0.0786  0.1459  0.2294  0.3887  0.6334  1.0000
    74   biomsd    8.7734e+00 3.1216e-01   0.3479 -0.0999 -0.0478  0.0041  0.0770  0.0267 -0.0066 -0.0396 -0.0500 -0.0623 -0.0781 -0.1011 -0.1433 -0.0861 -0.0426  0.0092  0.0549  0.0961  0.1519  0.1085  0.0825  0.0754  0.0121 -0.0320  0.0017  0.0452  0.0001 -0.0539  0.0421  0.0941  0.1553  0.2693  0.4217  0.6565  1.0000  0.6768  0.4047  0.0629  0.0102 -0.0114 -0.0999 -0.0478  0.0041  0.0770  0.0267 -0.0066 -0.0396 -0.0500 -0.0623 -0.0781 -0.1011 -0.1433 -0.0861 -0.0426  0.0092  0.0549  0.0961  0.1519  0.1085  0.0825  0.0754  0.0121 -0.0320  0.0017  0.0452  0.0001 -0.0539  0.0421  0.0941  0.1553  0.2693  0.4217  0.6565  1.0000
    75   biomsd    8.7323e+00 2.9710e-01   0.4723 -0.1356 -0.0649  0.0056  0.1045  0.0363 -0.0089 -0.0537 -0.0679 -0.0846 -0.1061 -0.1373 -0.1945 -0.1170 -0.0579  0.0125  0.0745  0.1304  0.2062  0.1473  0.1120  0.1023  0.0163 -0.0437  0.0016  0.0596 -0.0046 -0.0880  0.0161  0.0633  0.1152  0.2080  0.3027  0.4585  0.6768  1.0000  0.6015  0.1058  0.0222 -0.0103 -0.1356 -0.0649  0.0056  0.1045  0.0363 -0.0089 -0.0537 -0.0679 -0.0846 -0.1061 -0.1373 -0.1945 -0.1170 -0.0579  0.0125  0.0745  0.1304  0.2062  0.1473  0.1120  0.1023  0.0163 -0.0437  0.0016  0.0596 -0.0046 -0.0880  0.0161  0.0633  0.1152  0.2080  0.3027  0.4585  0.6768  1.0000
    76   biomsd    8.4323e+00 2.5940e-01   0.2186 -0.0628 -0.0301  0.0026  0.0484  0.0168 -0.0041 -0.0249 -0.0314 -0.0392 -0.0491 -0.0636 -0.0900 -0.0541 -0.0268  0.0058  0.0345  0.0604  0.0954  0.0682  0.0518  0.0474  0.0076 -0.0202  0.0008  0.0278 -0.0015 -0.0387  0.0130  0.0379  0.0662  0.1174  0.1763  0.2703  0.4047  0.6015  1.0000  0.3327  0.1261  0.0677 -0.0628 -0.0301  0.0026  0.0484  0.0168 -0.0041 -0.0249 -0.0314 -0.0392 -0.0491 -0.0636 -0.0900 -0.0541 -0.0268  0.0058  0.0345  0.0604  0.0954  0.0682  0.0518  0.0474  0.0076 -0.0202  0.0008  0.0278 -0.0015 -0.0387  0.0130  0.0379  0.0662  0.1174  0.1763  0.2703  0.4047  0.6015  1.0000
    77   biomsd    8.1322e+00 1.4116e-01  -0.1906  0.0547  0.0262 -0.0023 -0.0422 -0.0146  0.0036  0.0217  0.0274  0.0341  0.0428  0.0554  0.0785  0.0472  0.0234 -0.0051 -0.0301 -0.0526 -0.0832 -0.0594 -0.0452 -0.0413 -0.0065  0.0178 -0.0003 -0.0232  0.0042  0.0428  0.0138  0.0063  0.0008 -0.0061  0.0110  0.0286  0.0629  0.1058  0.3327  1.0000  0.4165  0.2706  0.0547  0.0262 -0.0023 -0.0422 -0.0146  0.0036  0.0217  0.0274  0.0341  0.0428  0.0554  0.0785  0.0472  0.0234 -0.0051 -0.0301 -0.0526 -0.0832 -0.0594 -0.0452 -0.0413 -0.0065  0.0178 -0.0003 -0.0232  0.0042  0.0428  0.0138  0.0063  0.0008 -0.0061  0.0110  0.0286  0.0629  0.1058  0.3327  1.0000
    78   biomsd    8.0982e+00 2.6659e-01  -0.1221  0.0351  0.0168 -0.0015 -0.0270 -0.0094  0.0023  0.0139  0.0176  0.0219  0.0274  0.0355  0.0503  0.0302  0.0150 -0.0032 -0.0193 -0.0337 -0.0533 -0.0381 -0.0289 -0.0264 -0.0042  0.0114 -0.0002 -0.0149  0.0025  0.0268  0.0070  0.0012 -0.0037 -0.0109 -0.0049 -0.0008  0.0102  0.0222  0.1261  0.4165  1.0000  0.6325  0.0351  0.0168 -0.0015 -0.0270 -0.0094  0.0023  0.0139  0.0176  0.0219  0.0274  0.0355  0.0503  0.0302  0.0150 -0.0032 -0.0193 -0.0337 -0.0533 -0.0381 -0.0289 -0.0264 -0.0042  0.0114 -0.0002 -0.0149  0.0025  0.0268  0.0070  0.0012 -0.0037 -0.0109 -0.0049 -0.0008  0.0102  0.0222  0.1261  0.4165  1.0000
    79   biomsd    8.0641e+00 2.9904e-01  -0.1278  0.0367  0.0176 -0.0015 -0.0283 -0.0098  0.0024  0.0145  0.0184  0.0229  0.0287  0.0371  0.0526  0.0316  0.0157 -0.0034 -0.0202 -0.0353 -0.0558 -0.0398 -0.0303 -0.0277 -0.0044  0.0119 -0.0003 -0.0157  0.0025  0.0275  0.0060 -0.0009 -0.0070 -0.0165 -0.0139 -0.0149 -0.0114 -0.0103  0.0677  0.2706  0.6325  1.0000  0.0367  0.0176 -0.0015 -0.0283 -0.0098  0.0024  0.0145  0.0184  0.0229  0.0287  0.0371  0.0526  0.0316  0.0157 -0.0034 -0.0202 -0.0353 -0.0558 -0.0398 -0.0303 -0.0277 -0.0044  0.0119 -0.0003 -0.0157  0.0025  0.0275  0.0060 -0.0009 -0.0070 -0.0165 -0.0139 -0.0149 -0.0114 -0.0103  0.0677  0.2706  0.6325  1.0000
    80   biomA     3.7056e+03 1.2690e+03  -0.2871  1.0000  0.7188  0.4815  0.2290  0.1627  0.1359  0.1248  0.1083  0.1026  0.1036  0.1122  0.1364  0.0834  0.0435 -0.0028 -0.0426 -0.0775 -0.1243 -0.0888 -0.0676 -0.0620 -0.0098  0.0267 -0.0006 -0.0354  0.0050  0.0602  0.0090 -0.0090 -0.0262 -0.0543 -0.0606 -0.0807 -0.0999 -0.1356 -0.0628  0.0547  0.0351  0.0367  1.0000  0.7188  0.4815  0.2290  0.1627  0.1359  0.1248  0.1083  0.1026  0.1036  0.1122  0.1364  0.0834  0.0435 -0.0028 -0.0426 -0.0775 -0.1243 -0.0888 -0.0676 -0.0620 -0.0098  0.0267 -0.0006 -0.0354  0.0050  0.0602  0.0090 -0.0090 -0.0262 -0.0543 -0.0606 -0.0807 -0.0999 -0.1356 -0.0628  0.0547  0.0351  0.0367  1.0000
    81   biomA     4.2990e+03 1.4784e+03  -0.1375  0.7189  1.0000  0.6986  0.3921  0.2562  0.1910  0.1487  0.1166  0.0986  0.0874  0.0815  0.0829  0.0518  0.0289  0.0033 -0.0178 -0.0354 -0.0585 -0.0419 -0.0319 -0.0295 -0.0046  0.0128 -0.0003 -0.0170  0.0024  0.0288  0.0043 -0.0043 -0.0125 -0.0260 -0.0290 -0.0386 -0.0478 -0.0649 -0.0301  0.0262  0.0168  0.0176  0.7189  1.0000  0.6986  0.3921  0.2562  0.1910  0.1487  0.1166  0.0986  0.0874  0.0815  0.0829  0.0518  0.0289  0.0033 -0.0178 -0.0354 -0.0585 -0.0419 -0.0319 -0.0295 -0.0046  0.0128 -0.0003 -0.0170  0.0024  0.0288  0.0043 -0.0043 -0.0125 -0.0260 -0.0290 -0.0386 -0.0478 -0.0649 -0.0301  0.0262  0.0168  0.0176  0.7189  1.0000
    82   biomA     4.9875e+03 1.5741e+03   0.0119  0.4815  0.6986  1.0000  0.6059  0.3819  0.2688  0.1886  0.1365  0.1034  0.0781  0.0558  0.0326  0.0225  0.0158  0.0102  0.0075  0.0069  0.0073  0.0051  0.0037  0.0030  0.0006 -0.0010  0.0001  0.0015 -0.0002 -0.0025 -0.0004  0.0004  0.0011  0.0022  0.0025  0.0033  0.0041  0.0056  0.0026 -0.0023 -0.0015 -0.0015  0.4815  0.6986  1.0000  0.6059  0.3819  0.2688  0.1886  0.1365  0.1034  0.0781  0.0558  0.0326  0.0225  0.0158  0.0102  0.0075  0.0069  0.0073  0.0051  0.0037  0.0030  0.0006 -0.0010  0.0001  0.0015 -0.0002 -0.0025 -0.0004  0.0004  0.0011  0.0022  0.0025  0.0033  0.0041  0.0056  0.0026 -0.0023 -0.0015 -0.0015  0.4815  0.6986  1.0000
    83   biomA     5.7862e+03 1.4327e+03   0.2213  0.2290  0.3921  0.6059  1.0000  0.6176  0.4200  0.2743  0.1862  0.1268  0.0777  0.0291 -0.0320 -0.0147  0.0001  0.0215  0.0437  0.0668  0.1000  0.0712  0.0539  0.0485  0.0079 -0.0205  0.0006  0.0273 -0.0039 -0.0464 -0.0069  0.0069  0.0202  0.0418  0.0467  0.0622  0.0770  0.1045  0.0484 -0.0422 -0.0270 -0.0283  0.2290  0.3921  0.6059  1.0000  0.6176  0.4200  0.2743  0.1862  0.1268  0.0777  0.0291 -0.0320 -0.0147  0.0001  0.0215  0.0437  0.0668  0.1000  0.0712  0.0539  0.0485  0.0079 -0.0205  0.0006  0.0273 -0.0039 -0.0464 -0.0069  0.0069  0.0202  0.0418  0.0467  0.0622  0.0770  0.1045  0.0484 -0.0422 -0.0270 -0.0283  0.2290  0.3921  0.6059  1.0000
    84   biomA     5.4655e+03 1.7239e+03   0.0768  0.1627  0.2562  0.3819  0.6176  1.0000  0.7007  0.4870  0.3498  0.2618  0.1935  0.1323  0.0663  0.0473  0.0356  0.0279  0.0267  0.0306  0.0391  0.0276  0.0206  0.0177  0.0031 -0.0069  0.0003  0.0095 -0.0013 -0.0161 -0.0024  0.0024  0.0070  0.0145  0.0162  0.0216  0.0267  0.0363  0.0168 -0.0146 -0.0094 -0.0098  0.1627  0.2562  0.3819  0.6176  1.0000  0.7007  0.4870  0.3498  0.2618  0.1935  0.1323  0.0663  0.0473  0.0356  0.0279  0.0267  0.0306  0.0391  0.0276  0.0206  0.0177  0.0031 -0.0069  0.0003  0.0095 -0.0013 -0.0161 -0.0024  0.0024  0.0070  0.0145  0.0162  0.0216  0.0267  0.0363  0.0168 -0.0146 -0.0094 -0.0098  0.1627  0.2562  0.3819  0.6176  1.0000
    85   biomA     5.1627e+03 1.7451e+03  -0.0188  0.1359  0.1910  0.2688  0.4200  0.7007  1.0000  0.7079  0.5164  0.3956  0.3043  0.2256  0.1472  0.0991  0.0664  0.0363  0.0177  0.0081 -0.0003 -0.0006 -0.0011 -0.0026 -0.0001  0.0020  0.0001 -0.0023  0.0003  0.0040  0.0006 -0.0006 -0.0017 -0.0036 -0.0040 -0.0053 -0.0066 -0.0089 -0.0041  0.0036  0.0023  0.0024  0.1359  0.1910  0.2688  0.4200  0.7007  1.0000  0.7079  0.5164  0.3956  0.3043  0.2256  0.1472  0.0991  0.0664  0.0363  0.0177  0.0081 -0.0003 -0.0006 -0.0011 -0.0026 -0.0001  0.0020  0.0001 -0.0023  0.0003  0.0040  0.0006 -0.0006 -0.0017 -0.0036 -0.0040 -0.0053 -0.0066 -0.0089 -0.0041  0.0036  0.0023  0.0024  0.1359  0.1910  0.2688  0.4200  0.7007  1.0000
    86   biomA     4.8766e+03 1.5847e+03  -0.1137  0.1248  0.1487  0.1886  0.2743  0.4870  0.7079  1.0000  0.7347  0.5690  0.4452  0.3410  0.2419  0.1602  0.1035  0.0484  0.0110 -0.0127 -0.0385 -0.0281 -0.0222 -0.0226 -0.0031  0.0110 -0.0001 -0.0140  0.0020  0.0239  0.0036 -0.0035 -0.0104 -0.0215 -0.0240 -0.0319 -0.0396 -0.0537 -0.0249  0.0217  0.0139  0.0145  0.1248  0.1487  0.1886  0.2743  0.4870  0.7079  1.0000  0.7347  0.5690  0.4452  0.3410  0.2419  0.1602  0.1035  0.0484  0.0110 -0.0127 -0.0385 -0.0281 -0.0222 -0.0226 -0.0031  0.0110 -0.0001 -0.0140  0.0020  0.0239  0.0036 -0.0035 -0.0104 -0.0215 -0.0240 -0.0319 -0.0396 -0.0537 -0.0249  0.0217  0.0139  0.0145  0.1248  0.1487  0.1886  0.2743  0.4870  0.7079  1.0000
    87   biomA     4.7919e+03 1.7876e+03  -0.1437  0.1083  0.1166  0.1365  0.1862  0.3498  0.5164  0.7347  1.0000  0.7736  0.6044  0.4615  0.3251  0.2156  0.1398  0.0663  0.0168 -0.0142 -0.0476 -0.0348 -0.0276 -0.0283 -0.0038  0.0139 -0.0001 -0.0176  0.0025  0.0302  0.0045 -0.0045 -0.0131 -0.0272 -0.0303 -0.0404 -0.0500 -0.0679 -0.0314  0.0274  0.0176  0.0184  0.1083  0.1166  0.1365  0.1862  0.3498  0.5164  0.7347  1.0000  0.7736  0.6044  0.4615  0.3251  0.2156  0.1398  0.0663  0.0168 -0.0142 -0.0476 -0.0348 -0.0276 -0.0283 -0.0038  0.0139 -0.0001 -0.0176  0.0025  0.0302  0.0045 -0.0045 -0.0131 -0.0272 -0.0303 -0.0404 -0.0500 -0.0679 -0.0314  0.0274  0.0176  0.0184  0.1083  0.1166  0.1365  0.1862  0.3498  0.5164  0.7347  1.0000
    88   biomA     4.7086e+03 1.8473e+03  -0.1791  0.1026  0.0986  0.1034  0.1268  0.2618  0.3956  0.5690  0.7736  1.0000  0.7807  0.5953  0.4179  0.2773  0.1800  0.0860  0.0229 -0.0165 -0.0586 -0.0428 -0.0341 -0.0351 -0.0047  0.0173 -0.0001 -0.0220  0.0032  0.0376  0.0056 -0.0056 -0.0163 -0.0338 -0.0378 -0.0503 -0.0623 -0.0846 -0.0392  0.0341  0.0219  0.0229  0.1026  0.0986  0.1034  0.1268  0.2618  0.3956  0.5690  0.7736  1.0000  0.7807  0.5953  0.4179  0.2773  0.1800  0.0860  0.0229 -0.0165 -0.0586 -0.0428 -0.0341 -0.0351 -0.0047  0.0173 -0.0001 -0.0220  0.0032  0.0376  0.0056 -0.0056 -0.0163 -0.0338 -0.0378 -0.0503 -0.0623 -0.0846 -0.0392  0.0341  0.0219  0.0229  0.1026  0.0986  0.1034  0.1268  0.2618  0.3956  0.5690  0.7736  1.0000
    89   biomA     4.6268e+03 1.7910e+03  -0.2246  0.1036  0.0874  0.0781  0.0777  0.1935  0.3043  0.4452  0.6044  0.7807  1.0000  0.7619  0.5337  0.3543  0.2302  0.1104  0.0301 -0.0198 -0.0729 -0.0533 -0.0425 -0.0440 -0.0058  0.0217 -0.0001 -0.0276  0.0040  0.0471  0.0070 -0.0070 -0.0205 -0.0424 -0.0474 -0.0631 -0.0781 -0.1061 -0.0491  0.0428  0.0274  0.0287  0.1036  0.0874  0.0781  0.0777  0.1935  0.3043  0.4452  0.6044  0.7807  1.0000  0.7619  0.5337  0.3543  0.2302  0.1104  0.0301 -0.0198 -0.0729 -0.0533 -0.0425 -0.0440 -0.0058  0.0217 -0.0001 -0.0276  0.0040  0.0471  0.0070 -0.0070 -0.0205 -0.0424 -0.0474 -0.0631 -0.0781 -0.1061 -0.0491  0.0428  0.0274  0.0287  0.1036  0.0874  0.0781  0.0777  0.1935  0.3043  0.4452  0.6044  0.7807  1.0000
    90   biomA     4.5464e+03 1.6199e+03  -0.2907  0.1122  0.0815  0.0558  0.0291  0.1323  0.2256  0.3409  0.4615  0.5953  0.7619  1.0000  0.6996  0.4645  0.3020  0.1452  0.0403 -0.0248 -0.0939 -0.0687 -0.0548 -0.0568 -0.0075  0.0282 -0.0002 -0.0357  0.0051  0.0610  0.0091 -0.0091 -0.0265 -0.0549 -0.0614 -0.0817 -0.1011 -0.1373 -0.0636  0.0554  0.0355  0.0371  0.1122  0.0815  0.0558  0.0291  0.1323  0.2256  0.3409  0.4615  0.5953  0.7619  1.0000  0.6996  0.4645  0.3020  0.1452  0.0403 -0.0248 -0.0939 -0.0687 -0.0548 -0.0568 -0.0075  0.0282 -0.0002 -0.0357  0.0051  0.0610  0.0091 -0.0091 -0.0265 -0.0549 -0.0614 -0.0817 -0.1011 -0.1373 -0.0636  0.0554  0.0355  0.0371  0.1122  0.0815  0.0558  0.0291  0.1323  0.2256  0.3410  0.4615  0.5953  0.7619  1.0000
    91   biomA     4.4674e+03 1.3042e+03  -0.4119  0.1364  0.0829  0.0326 -0.0320  0.0663  0.1472  0.2419  0.3251  0.4179  0.5337  0.6996  1.0000  0.6641  0.4320  0.2081  0.0584 -0.0342 -0.1325 -0.0970 -0.0774 -0.0804 -0.0106  0.0399 -0.0002 -0.0505  0.0073  0.0864  0.0129 -0.0129 -0.0376 -0.0778 -0.0869 -0.1157 -0.1433 -0.1945 -0.0900  0.0785  0.0503  0.0526  0.1364  0.0829  0.0326 -0.0320  0.0663  0.1472  0.2419  0.3251  0.4179  0.5337  0.6996  1.0000  0.6641  0.4320  0.2081  0.0584 -0.0342 -0.1325 -0.0970 -0.0774 -0.0804 -0.0106  0.0399 -0.0002 -0.0505  0.0073  0.0864  0.0129 -0.0129 -0.0376 -0.0778 -0.0869 -0.1157 -0.1433 -0.1945 -0.0900  0.0785  0.0503  0.0526  0.1364  0.0829  0.0326 -0.0320  0.0663  0.1472  0.2419  0.3251  0.4179  0.5337  0.6996  1.0000
    92   biomA     5.4430e+03 1.7196e+03  -0.2476  0.0834  0.0518  0.0225 -0.0147  0.0473  0.0991  0.1602  0.2156  0.2773  0.3543  0.4645  0.6641  1.0000  0.6674  0.3592  0.1669  0.0644 -0.0290 -0.0248 -0.0250 -0.0390 -0.0026  0.0257  0.0007 -0.0301  0.0045  0.0520  0.0078 -0.0077 -0.0226 -0.0468 -0.0523 -0.0696 -0.0861 -0.1170 -0.0541  0.0472  0.0302  0.0316  0.0834  0.0518  0.0225 -0.0147  0.0473  0.0991  0.1602  0.2156  0.2773  0.3543  0.4645  0.6641  1.0000  0.6674  0.3592  0.1669  0.0644 -0.0290 -0.0248 -0.0250 -0.0390 -0.0026  0.0257  0.0007 -0.0301  0.0045  0.0520  0.0078 -0.0077 -0.0226 -0.0468 -0.0523 -0.0696 -0.0861 -0.1170 -0.0541  0.0472  0.0302  0.0316  0.0834  0.0518  0.0225 -0.0147  0.0473  0.0991  0.1602  0.2156  0.2773  0.3543  0.4645  0.6641  1.0000
    93   biomA     6.6316e+03 1.9603e+03  -0.1225  0.0435  0.0289  0.0158  0.0001  0.0356  0.0664  0.1035  0.1398  0.1800  0.2302  0.3020  0.4320  0.6674  1.0000  0.5623  0.2991  0.1714  0.0688  0.0428  0.0231 -0.0039  0.0049  0.0155  0.0016 -0.0144  0.0024  0.0258  0.0039 -0.0038 -0.0112 -0.0231 -0.0258 -0.0344 -0.0426 -0.0579 -0.0268  0.0234  0.0150  0.0157  0.0435  0.0289  0.0158  0.0001  0.0356  0.0664  0.1035  0.1398  0.1800  0.2302  0.3020  0.4320  0.6674  1.0000  0.5623  0.2991  0.1714  0.0688  0.0428  0.0231 -0.0039  0.0049  0.0155  0.0016 -0.0144  0.0024  0.0258  0.0039 -0.0038 -0.0112 -0.0231 -0.0258 -0.0344 -0.0426 -0.0579 -0.0268  0.0234  0.0150  0.0157  0.0435  0.0289  0.0158  0.0001  0.0356  0.0664  0.1035  0.1398  0.1800  0.2302  0.3020  0.4320  0.6674  1.0000
