    unsorted:	 9.714888181
      sorted:	 9.714888181
